4
{'bus':        vm_pu  va_degree      p_mw    q_mvar
0   0.980254  -0.275327  0.000000  0.000000
1   0.966140  -0.578872  0.000000  0.000000
2   0.978733  -0.342805  0.000000  0.000000
3        NaN        NaN  0.000000  0.000000
4        NaN        NaN  0.000000  0.000000
5        NaN        NaN  0.000000  0.000000
6   0.978640  -0.295695  0.000000  0.000000
7   0.978182  -0.296323  0.010000  0.002000
8   0.978823  -0.289666  0.000000  0.000000
9   0.995592  -0.021845  0.000000  0.000000
10  0.993893  -0.085469  0.000000  0.000000
11  0.981733  -0.237760  0.000000  0.000000
12  0.981578  -0.245561  0.000000  0.000000
13  0.979190  -0.250828  0.000000  0.000000
14  0.978922  -0.240891  0.005000  0.005000
15  0.979335  -0.251461  0.000000  0.000000
16  0.963868  -0.637358  0.000000  0.000000
17  0.959319  -0.660595  0.015000  0.000000
18  0.965902  -0.591027  0.000000  0.000000
19  0.961467  -0.698926  0.000000  0.000000
20  0.933259  -0.759052  0.030000  0.000000
21  0.965649  -0.603815  0.000000  0.000000
22  0.961582  -0.695950  0.000000  0.000000
23  0.956877  -0.758881  0.030000  0.000000
24  0.965661  -0.603200  0.000000  0.000000
25  0.963548  -0.592501  0.000000  0.000000
26  0.962111  -0.583848  0.015000  0.005000
27  0.965834  -0.586310  0.000000  0.000000
28  1.000000   0.000000 -0.099781 -0.013547
29  0.982170  -0.232041 -0.010000  0.000000, 'line':     p_from_mw   q_from_mvar   p_to_mw  ...  vm_to_pu  va_to_degree  loading_percent
0   -0.010000 -2.000000e-03  0.010005  ...  0.978640     -0.295695         7.098071
1    0.010006  2.002033e-03 -0.010005  ...  0.978640     -0.295695         3.617286
2   -0.010006 -2.002033e-03  0.010020  ...  0.980254     -0.275327         5.573253
3   -0.099192 -1.331644e-02  0.099346  ...  0.995592     -0.021845        34.938158
4   -0.097873 -1.281073e-02  0.099192  ...  0.993893     -0.085469        53.830734
5    0.009996 -9.975561e-07 -0.009994  ...  0.981578     -0.245561         3.532641
6   -0.009980  5.837241e-06  0.009994  ...  0.981578     -0.245561         5.442884
7   -0.005000 -5.000000e-03  0.005002  ...  0.979190     -0.250828         4.917909
8    0.005003  5.000747e-03 -0.005002  ...  0.979190     -0.250828         2.506242
9    0.005010  5.002096e-03 -0.005003  ...  0.979335     -0.251461         3.861300
10   0.092824  5.796585e-03 -0.092686  ...  0.978733     -0.342805        32.919345
11   0.092686  5.678876e-03 -0.091516  ...  0.966140     -0.578872        50.720216
12   0.000000  0.000000e+00  0.000000  ...       NaN           NaN              NaN
13   0.000000  0.000000e+00  0.000000  ...       NaN           NaN              NaN
14   0.015071  6.111902e-06 -0.015000  ...  0.959319     -0.660595        18.498974
15   0.015107  1.989596e-05 -0.015103  ...  0.965902     -0.591027         5.425180
16  -0.015071 -6.111912e-06  0.015103  ...  0.965902     -0.591027         8.358796
17   0.030907  3.243339e-05 -0.030000  ...  0.933259     -0.759052        62.699883
18   0.031057  9.601650e-05 -0.031041  ...  0.965649     -0.603815        11.153344
19  -0.030907 -3.243342e-05  0.031041  ...  0.965649     -0.603815        17.184412
20   0.030148  3.311237e-05 -0.030000  ...  0.956877     -0.758881        21.345612
21   0.030290  9.351501e-05 -0.030275  ...  0.965661     -0.603200        10.878052
22   0.030275  8.104151e-05 -0.030148  ...  0.961582     -0.695950        16.760258
23   0.015023  5.005199e-03 -0.015000  ...  0.962111     -0.583848        11.188925
24   0.015062  5.020598e-03 -0.015058  ...  0.965834     -0.586310         5.701910
25  -0.015023 -5.005199e-03  0.015058  ...  0.965834     -0.586310         8.785378
26   0.099781  1.354666e-02 -0.099346  ...  0.995592     -0.021845        68.557853
27  -0.009996  9.975574e-07  0.010000  ...  0.982170     -0.232041         6.931976

[28 rows x 14 columns], 'switch':     bus  element et  type  closed  name  z_ohm
0     8        1  l  None    True  None    0.0
1    10        3  l  None    True  None    0.0
2    11        5  l  None    True  None    0.0
3    15        8  l  None    True  None    0.0
4     0       10  l  None    True  None    0.0
5     3       12  l  None   False  None    0.0
6     1       13  l  None   False  None    0.0
7     1       15  l  None    True  None    0.0
8     1       18  l  None    True  None    0.0
9     1       21  l  None    True  None    0.0
10    1       24  l  None    True  None    0.0, 'generator':    name  bus  p_mw  vm_pu  sn_mva  ...  max_q_mvar  scaling  slack  in_service  type
0  None   28   0.5    1.0     NaN  ...         NaN      1.0   True        True  None

[1 rows x 11 columns], 'load':    name  bus   p_mw  q_mvar  ...  sn_mva  scaling  in_service  type
0  None   17  0.015   0.000  ...     NaN      1.0        True   wye
1  None   20  0.030   0.000  ...     NaN      1.0        True   wye
2  None   23  0.030   0.000  ...     NaN      1.0        True   wye
3  None   26  0.015   0.005  ...     NaN      1.0        True   wye

[4 rows x 10 columns], 'trafo':    name          std_type  hv_bus  ...  parallel   df  in_service
0  None  40 MVA 110/10 kV       4  ...         1  1.0        True

[1 rows x 23 columns]}
################# prev ###############
[1, 1, 1, 1, 1, 0, 0, 1, 1, 1, 1]
################# act_status ###############
[0, 0, 0, 0, 0, 0, 0, 0, 0, 0, 0]
################# actuators ###############
[1, 1, 1, 1, 1, 0, 0, 1, 1, 1, 1]
{'bus':        vm_pu  va_degree      p_mw    q_mvar
0   1.065727   1.781323  0.000000  0.000000
1   1.052814   1.525619  0.000000  0.000000
2   1.064336   1.724454  0.000000  0.000000
3        NaN        NaN  0.000000  0.000000
4        NaN        NaN  0.000000  0.000000
5        NaN        NaN  0.000000  0.000000
6   1.129618   3.315250  0.000000  0.000000
7   1.148630   3.535798 -0.510000  0.002000
8   1.122908   3.015221  0.000000  0.000000
9   1.015129   0.284509  0.000000  0.000000
10  1.020191   0.580377  0.000000  0.000000
11  1.067088   1.813113  0.000000  0.000000
12  1.066945   1.806510  0.000000  0.000000
13  1.064748   1.802045  0.000000  0.000000
14  1.064502   1.810450  0.005000  0.005000
15  1.064882   1.801510  0.000000  0.000000
16  1.050732   1.476414  0.000000  0.000000
17  1.046562   1.456875  0.015000  0.000000
18  1.052595   1.515392  0.000000  0.000000
19  1.048551   1.425054  0.000000  0.000000
20  1.022812   1.374749  0.030000  0.000000
21  1.052366   1.504722  0.000000  0.000000
22  1.048638   1.427136  0.000000  0.000000
23  1.044327   1.374261  0.030000  0.000000
24  1.052375   1.505153  0.000000  0.000000
25  1.050437   1.514152  0.000000  0.000000
26  1.049119   1.521431  0.015000  0.005000
27  1.052534   1.519360  0.000000  0.000000
28  1.000000   0.000000  0.360787 -0.036575
29  1.067489   1.817954 -0.010000  0.000000, 'line':     p_from_mw   q_from_mvar   p_to_mw  ...  vm_to_pu  va_to_degree  loading_percent
0    0.510000 -2.000000e-03 -0.501547  ...  1.129618      3.315250       302.299157
1   -0.498541  6.484478e-03  0.501547  ...  1.129618      3.315250       154.056301
2    0.498541 -6.484478e-03 -0.472912  ...  1.065727      1.781323       237.360817
3    0.368431 -3.358367e-02 -0.366425  ...  1.015129      0.284509       125.822222
4    0.385527 -2.700984e-02 -0.368431  ...  1.020191      0.580377       193.859483
5    0.009996 -8.444011e-07 -0.009995  ...  1.066945      1.806510         3.250293
6   -0.009983  4.370266e-06  0.009995  ...  1.066945      1.806510         5.007859
7   -0.005000 -5.000000e-03  0.005002  ...  1.064748      1.802045         4.522537
8    0.005003  5.000484e-03 -0.005002  ...  1.064748      1.802045         2.304754
9    0.005008  5.001201e-03 -0.005003  ...  1.064882      1.801510         3.550844
10   0.092361  5.664092e-03 -0.092246  ...  1.064336      1.724454        30.126064
11   0.092246  5.565662e-03 -0.091266  ...  1.052814      1.525619        46.416498
12   0.000000  0.000000e+00  0.000000  ...       NaN           NaN              NaN
13   0.000000  0.000000e+00  0.000000  ...       NaN           NaN              NaN
14   0.015060  5.135283e-06 -0.015000  ...  1.046562      1.456875        16.956881
15   0.015090  1.614372e-05 -0.015086  ...  1.052595      1.515392         4.972931
16  -0.015060 -5.135283e-06  0.015086  ...  1.052595      1.515392         7.661998
17   0.030755  2.700247e-05 -0.030000  ...  1.022812      1.374749        57.210132
18   0.030880  7.935341e-05 -0.030867  ...  1.052366      1.504722        10.176802
19  -0.030755 -2.700247e-05  0.030867  ...  1.052366      1.504722        15.679814
20   0.030124  2.779876e-05 -0.030000  ...  1.044327      1.374261        19.558169
21   0.030244  7.793501e-05 -0.030231  ...  1.052375      1.505153         9.967143
22   0.030231  6.761192e-05 -0.030124  ...  1.048638      1.427136        15.356785
23   0.015019  5.004372e-03 -0.015000  ...  1.049119      1.521431        10.260980
24   0.015052  5.016751e-03 -0.015049  ...  1.052534      1.519360         5.229002
25  -0.015019 -5.004372e-03  0.015049  ...  1.052534      1.519360         8.056770
26  -0.360787  3.657494e-02  0.366425  ...  1.015129      0.284509       246.896407
27  -0.009996  8.444011e-07  0.010000  ...  1.067489      1.817954         6.377933

[28 rows x 14 columns], 'switch':     bus  element et  type  closed  name  z_ohm
0     8        1  l  None    True  None    0.0
1    10        3  l  None    True  None    0.0
2    11        5  l  None    True  None    0.0
3    15        8  l  None    True  None    0.0
4     0       10  l  None    True  None    0.0
5     3       12  l  None   False  None    0.0
6     1       13  l  None   False  None    0.0
7     1       15  l  None    True  None    0.0
8     1       18  l  None    True  None    0.0
9     1       21  l  None    True  None    0.0
10    1       24  l  None    True  None    0.0, 'generator':    name  bus  p_mw  vm_pu  sn_mva  ...  max_q_mvar  scaling  slack  in_service  type
0  None   28   0.5    1.0     NaN  ...         NaN      1.0   True        True  None

[1 rows x 11 columns], 'load':    name  bus   p_mw  q_mvar  ...  sn_mva  scaling  in_service  type
0  None   17  0.015   0.000  ...     NaN      1.0        True   wye
1  None   20  0.030   0.000  ...     NaN      1.0        True   wye
2  None   23  0.030   0.000  ...     NaN      1.0        True   wye
3  None   26  0.015   0.005  ...     NaN      1.0        True   wye

[4 rows x 10 columns], 'trafo':    name          std_type  hv_bus  ...  parallel   df  in_service
0  None  40 MVA 110/10 kV       4  ...         1  1.0        True

[1 rows x 23 columns]}
################# prev ###############
[1, 1, 1, 1, 1, 0, 0, 1, 1, 1, 1]
################# act_status ###############
[0, 0, 0, 0, 0, 0, 0, 0, 0, 0, 0]
################# actuators ###############
[1, 1, 1, 1, 1, 0, 0, 1, 1, 1, 1]
{'bus':        vm_pu  va_degree      p_mw    q_mvar
0   1.065727   1.781323  0.000000  0.000000
1   1.052814   1.525619  0.000000  0.000000
2   1.064336   1.724454  0.000000  0.000000
3        NaN        NaN  0.000000  0.000000
4        NaN        NaN  0.000000  0.000000
5        NaN        NaN  0.000000  0.000000
6   1.129618   3.315250  0.000000  0.000000
7   1.148630   3.535798 -0.510000  0.002000
8   1.122908   3.015221  0.000000  0.000000
9   1.015129   0.284509  0.000000  0.000000
10  1.020191   0.580377  0.000000  0.000000
11  1.067088   1.813113  0.000000  0.000000
12  1.066945   1.806510  0.000000  0.000000
13  1.064748   1.802045  0.000000  0.000000
14  1.064502   1.810450  0.005000  0.005000
15  1.064882   1.801510  0.000000  0.000000
16  1.050732   1.476414  0.000000  0.000000
17  1.046562   1.456875  0.015000  0.000000
18  1.052595   1.515392  0.000000  0.000000
19  1.048551   1.425054  0.000000  0.000000
20  1.022812   1.374749  0.030000  0.000000
21  1.052366   1.504722  0.000000  0.000000
22  1.048638   1.427136  0.000000  0.000000
23  1.044327   1.374261  0.030000  0.000000
24  1.052375   1.505153  0.000000  0.000000
25  1.050437   1.514152  0.000000  0.000000
26  1.049119   1.521431  0.015000  0.005000
27  1.052534   1.519360  0.000000  0.000000
28  1.000000   0.000000  0.360787 -0.036575
29  1.067489   1.817954 -0.010000  0.000000, 'line':     p_from_mw   q_from_mvar   p_to_mw  ...  vm_to_pu  va_to_degree  loading_percent
0    0.510000 -2.000000e-03 -0.501547  ...  1.129618      3.315250       302.299157
1   -0.498541  6.484478e-03  0.501547  ...  1.129618      3.315250       154.056301
2    0.498541 -6.484478e-03 -0.472912  ...  1.065727      1.781323       237.360817
3    0.368431 -3.358367e-02 -0.366425  ...  1.015129      0.284509       125.822222
4    0.385527 -2.700984e-02 -0.368431  ...  1.020191      0.580377       193.859483
5    0.009996 -8.444011e-07 -0.009995  ...  1.066945      1.806510         3.250293
6   -0.009983  4.370266e-06  0.009995  ...  1.066945      1.806510         5.007859
7   -0.005000 -5.000000e-03  0.005002  ...  1.064748      1.802045         4.522537
8    0.005003  5.000484e-03 -0.005002  ...  1.064748      1.802045         2.304754
9    0.005008  5.001201e-03 -0.005003  ...  1.064882      1.801510         3.550844
10   0.092361  5.664092e-03 -0.092246  ...  1.064336      1.724454        30.126064
11   0.092246  5.565662e-03 -0.091266  ...  1.052814      1.525619        46.416498
12   0.000000  0.000000e+00  0.000000  ...       NaN           NaN              NaN
13   0.000000  0.000000e+00  0.000000  ...       NaN           NaN              NaN
14   0.015060  5.135283e-06 -0.015000  ...  1.046562      1.456875        16.956881
15   0.015090  1.614372e-05 -0.015086  ...  1.052595      1.515392         4.972931
16  -0.015060 -5.135283e-06  0.015086  ...  1.052595      1.515392         7.661998
17   0.030755  2.700247e-05 -0.030000  ...  1.022812      1.374749        57.210132
18   0.030880  7.935341e-05 -0.030867  ...  1.052366      1.504722        10.176802
19  -0.030755 -2.700247e-05  0.030867  ...  1.052366      1.504722        15.679814
20   0.030124  2.779876e-05 -0.030000  ...  1.044327      1.374261        19.558169
21   0.030244  7.793501e-05 -0.030231  ...  1.052375      1.505153         9.967143
22   0.030231  6.761192e-05 -0.030124  ...  1.048638      1.427136        15.356785
23   0.015019  5.004372e-03 -0.015000  ...  1.049119      1.521431        10.260980
24   0.015052  5.016751e-03 -0.015049  ...  1.052534      1.519360         5.229002
25  -0.015019 -5.004372e-03  0.015049  ...  1.052534      1.519360         8.056770
26  -0.360787  3.657494e-02  0.366425  ...  1.015129      0.284509       246.896407
27  -0.009996  8.444011e-07  0.010000  ...  1.067489      1.817954         6.377933

[28 rows x 14 columns], 'switch':     bus  element et  type  closed  name  z_ohm
0     8        1  l  None    True  None    0.0
1    10        3  l  None    True  None    0.0
2    11        5  l  None    True  None    0.0
3    15        8  l  None    True  None    0.0
4     0       10  l  None    True  None    0.0
5     3       12  l  None   False  None    0.0
6     1       13  l  None   False  None    0.0
7     1       15  l  None    True  None    0.0
8     1       18  l  None    True  None    0.0
9     1       21  l  None    True  None    0.0
10    1       24  l  None    True  None    0.0, 'generator':    name  bus  p_mw  vm_pu  sn_mva  ...  max_q_mvar  scaling  slack  in_service  type
0  None   28   0.5    1.0     NaN  ...         NaN      1.0   True        True  None

[1 rows x 11 columns], 'load':    name  bus   p_mw  q_mvar  ...  sn_mva  scaling  in_service  type
0  None   17  0.015   0.000  ...     NaN      1.0        True   wye
1  None   20  0.030   0.000  ...     NaN      1.0        True   wye
2  None   23  0.030   0.000  ...     NaN      1.0        True   wye
3  None   26  0.015   0.005  ...     NaN      1.0        True   wye

[4 rows x 10 columns], 'trafo':    name          std_type  hv_bus  ...  parallel   df  in_service
0  None  40 MVA 110/10 kV       4  ...         1  1.0        True

[1 rows x 23 columns]}
################# prev ###############
[1, 1, 1, 1, 1, 0, 0, 1, 1, 1, 1]
################# act_status ###############
[0, 0, 0, 0, 0, 0, 0, 0, 0, 0, 0]
################# actuators ###############
[1, 1, 1, 1, 1, 0, 0, 1, 1, 1, 1]
{'bus':        vm_pu  va_degree   p_mw  q_mvar
0   1.092462   2.501457  0.000   0.000
1   1.079882   2.258389  0.000   0.000
2   1.091107   2.447391  0.000   0.000
3        NaN        NaN  0.000   0.000
4        NaN        NaN  0.000   0.000
5        NaN        NaN  0.000   0.000
6   1.177271   4.491110  0.000   0.000
7   1.202554   4.771149 -0.710   0.002
8   1.168353   4.107700  0.000   0.000
9   1.021258   0.411429  0.000   0.000
10  1.028338   0.828545  0.000   0.000
11  1.093789   2.531711  0.000   0.000
12  1.093650   2.525426  0.000   0.000
13  1.091507   2.521176  0.000   0.000
14  1.091266   2.529173  0.005   0.005
15  1.091637   2.520666  0.000   0.000
16  1.077852   2.211631  0.000   0.000
17  1.073788   2.193067  0.015   0.000
18  1.079669   2.248670  0.000   0.000
19  1.075732   2.162935  0.000   0.000
20  1.050676   2.115201  0.030   0.000
21  1.079446   2.238553  0.000   0.000
22  1.075813   2.164809  0.000   0.000
23  1.071611   2.114581  0.030   0.000
24  1.079454   2.238941  0.000   0.000
25  1.077565   2.247491  0.000   0.000
26  1.076280   2.254408  0.015   0.005
27  1.079609   2.252440  0.000   0.000
28  1.000000   0.000000  0.508  -0.057
29  1.094181   2.536319 -0.010   0.000, 'line':     p_from_mw   q_from_mvar   p_to_mw  ...  vm_to_pu  va_to_degree  loading_percent
0    0.710000 -2.000000e-03 -0.695054  ...  1.177271      4.491110       401.974809
1   -0.689738  9.929713e-03  0.695054  ...  1.177271      4.491110       204.852547
2    0.689738 -9.929713e-03 -0.644422  ...  1.092462      2.501457       315.624662
3    0.523188 -5.105568e-02 -0.519203  ...  1.021258      0.411429       177.364303
4    0.557159 -3.799152e-02 -0.523188  ...  1.028338      0.828545       273.272468
5    0.009996 -8.036832e-07 -0.009995  ...  1.093650      2.525426         3.171005
6   -0.009984  3.960436e-06  0.009995  ...  1.093650      2.525426         4.885697
7   -0.005000 -5.000000e-03  0.005002  ...  1.091507      2.521176         4.411617
8    0.005002  5.000409e-03 -0.005002  ...  1.091507      2.521176         2.248228
9    0.005008  5.000943e-03 -0.005002  ...  1.091637      2.520666         3.463747
10   0.092240  5.629259e-03 -0.092130  ...  1.091107      2.447391        29.349761
11   0.092130  5.535891e-03 -0.091200  ...  1.079882      2.258389        45.220416
12   0.000000  0.000000e+00  0.000000  ...       NaN           NaN              NaN
13   0.000000  0.000000e+00  0.000000  ...       NaN           NaN              NaN
14   0.015057  4.878133e-06 -0.015000  ...  1.073788      2.193067        16.526929
15   0.015085  1.513511e-05 -0.015082  ...  1.079669      2.248670         4.846839
16  -0.015057 -4.878133e-06  0.015082  ...  1.079669      2.248670         7.467723
17   0.030715  2.558923e-05 -0.030000  ...  1.050676      2.115201        55.692926
18   0.030834  7.499575e-05 -0.030821  ...  1.079446      2.238553         9.906914
19  -0.030715 -2.558923e-05  0.030821  ...  1.079446      2.238553        15.263987
20   0.030118  2.640113e-05 -0.030000  ...  1.071611      2.114581        19.060199
21   0.030231  7.381632e-05 -0.030219  ...  1.079454      2.238941         9.713370
22   0.030219  6.406421e-05 -0.030118  ...  1.075813      2.164809        14.965786
23   0.015019  5.004154e-03 -0.015000  ...  1.076280      2.254408        10.002032
24   0.015050  5.015716e-03 -0.015047  ...  1.079609      2.252440         5.097034
25  -0.015019 -5.004154e-03  0.015047  ...  1.079609      2.252440         7.853447
26  -0.508000  5.700006e-02  0.519203  ...  1.021258      0.411429       348.035580
27  -0.009996  8.036830e-07  0.010000  ...  1.094181      2.536319         6.222350

[28 rows x 14 columns], 'switch':     bus  element et  type  closed  name  z_ohm
0     8        1  l  None    True  None    0.0
1    10        3  l  None    True  None    0.0
2    11        5  l  None    True  None    0.0
3    15        8  l  None    True  None    0.0
4     0       10  l  None    True  None    0.0
5     3       12  l  None   False  None    0.0
6     1       13  l  None   False  None    0.0
7     1       15  l  None    True  None    0.0
8     1       18  l  None    True  None    0.0
9     1       21  l  None    True  None    0.0
10    1       24  l  None    True  None    0.0, 'generator':    name  bus  p_mw  vm_pu  sn_mva  ...  max_q_mvar  scaling  slack  in_service  type
0  None   28   0.5    1.0     NaN  ...         NaN      1.0   True        True  None

[1 rows x 11 columns], 'load':    name  bus   p_mw  q_mvar  ...  sn_mva  scaling  in_service  type
0  None   17  0.015   0.000  ...     NaN      1.0        True   wye
1  None   20  0.030   0.000  ...     NaN      1.0        True   wye
2  None   23  0.030   0.000  ...     NaN      1.0        True   wye
3  None   26  0.015   0.005  ...     NaN      1.0        True   wye

[4 rows x 10 columns], 'trafo':    name          std_type  hv_bus  ...  parallel   df  in_service
0  None  40 MVA 110/10 kV       4  ...         1  1.0        True

[1 rows x 23 columns]}
################# prev ###############
[1, 1, 1, 1, 1, 0, 0, 1, 1, 1, 1]
################# act_status ###############
[0, 0, 0, 0, 0, 0, 0, 0, 0, 0, 0]
################# actuators ###############
[1, 1, 1, 1, 1, 0, 0, 1, 1, 1, 1]
{'bus':        vm_pu  va_degree   p_mw  q_mvar
0   1.092462   2.501457  0.000   0.000
1   1.079882   2.258389  0.000   0.000
2   1.091107   2.447391  0.000   0.000
3        NaN        NaN  0.000   0.000
4        NaN        NaN  0.000   0.000
5        NaN        NaN  0.000   0.000
6   1.177271   4.491110  0.000   0.000
7   1.202554   4.771149 -0.710   0.002
8   1.168353   4.107700  0.000   0.000
9   1.021258   0.411429  0.000   0.000
10  1.028338   0.828545  0.000   0.000
11  1.093789   2.531711  0.000   0.000
12  1.093650   2.525426  0.000   0.000
13  1.091507   2.521176  0.000   0.000
14  1.091266   2.529173  0.005   0.005
15  1.091637   2.520666  0.000   0.000
16  1.077852   2.211631  0.000   0.000
17  1.073788   2.193067  0.015   0.000
18  1.079669   2.248670  0.000   0.000
19  1.075732   2.162935  0.000   0.000
20  1.050676   2.115201  0.030   0.000
21  1.079446   2.238553  0.000   0.000
22  1.075813   2.164809  0.000   0.000
23  1.071611   2.114581  0.030   0.000
24  1.079454   2.238941  0.000   0.000
25  1.077565   2.247491  0.000   0.000
26  1.076280   2.254408  0.015   0.005
27  1.079609   2.252440  0.000   0.000
28  1.000000   0.000000  0.508  -0.057
29  1.094181   2.536319 -0.010   0.000, 'line':     p_from_mw   q_from_mvar   p_to_mw  ...  vm_to_pu  va_to_degree  loading_percent
0    0.710000 -2.000000e-03 -0.695054  ...  1.177271      4.491110       401.974809
1   -0.689738  9.929713e-03  0.695054  ...  1.177271      4.491110       204.852547
2    0.689738 -9.929713e-03 -0.644422  ...  1.092462      2.501457       315.624662
3    0.523188 -5.105568e-02 -0.519203  ...  1.021258      0.411429       177.364303
4    0.557159 -3.799152e-02 -0.523188  ...  1.028338      0.828545       273.272468
5    0.009996 -8.036832e-07 -0.009995  ...  1.093650      2.525426         3.171005
6   -0.009984  3.960436e-06  0.009995  ...  1.093650      2.525426         4.885697
7   -0.005000 -5.000000e-03  0.005002  ...  1.091507      2.521176         4.411617
8    0.005002  5.000409e-03 -0.005002  ...  1.091507      2.521176         2.248228
9    0.005008  5.000943e-03 -0.005002  ...  1.091637      2.520666         3.463747
10   0.092240  5.629259e-03 -0.092130  ...  1.091107      2.447391        29.349761
11   0.092130  5.535891e-03 -0.091200  ...  1.079882      2.258389        45.220416
12   0.000000  0.000000e+00  0.000000  ...       NaN           NaN              NaN
13   0.000000  0.000000e+00  0.000000  ...       NaN           NaN              NaN
14   0.015057  4.878133e-06 -0.015000  ...  1.073788      2.193067        16.526929
15   0.015085  1.513511e-05 -0.015082  ...  1.079669      2.248670         4.846839
16  -0.015057 -4.878133e-06  0.015082  ...  1.079669      2.248670         7.467723
17   0.030715  2.558923e-05 -0.030000  ...  1.050676      2.115201        55.692926
18   0.030834  7.499575e-05 -0.030821  ...  1.079446      2.238553         9.906914
19  -0.030715 -2.558923e-05  0.030821  ...  1.079446      2.238553        15.263987
20   0.030118  2.640113e-05 -0.030000  ...  1.071611      2.114581        19.060199
21   0.030231  7.381632e-05 -0.030219  ...  1.079454      2.238941         9.713370
22   0.030219  6.406421e-05 -0.030118  ...  1.075813      2.164809        14.965786
23   0.015019  5.004154e-03 -0.015000  ...  1.076280      2.254408        10.002032
24   0.015050  5.015716e-03 -0.015047  ...  1.079609      2.252440         5.097034
25  -0.015019 -5.004154e-03  0.015047  ...  1.079609      2.252440         7.853447
26  -0.508000  5.700006e-02  0.519203  ...  1.021258      0.411429       348.035580
27  -0.009996  8.036830e-07  0.010000  ...  1.094181      2.536319         6.222350

[28 rows x 14 columns], 'switch':     bus  element et  type  closed  name  z_ohm
0     8        1  l  None    True  None    0.0
1    10        3  l  None    True  None    0.0
2    11        5  l  None    True  None    0.0
3    15        8  l  None    True  None    0.0
4     0       10  l  None    True  None    0.0
5     3       12  l  None   False  None    0.0
6     1       13  l  None   False  None    0.0
7     1       15  l  None    True  None    0.0
8     1       18  l  None    True  None    0.0
9     1       21  l  None    True  None    0.0
10    1       24  l  None    True  None    0.0, 'generator':    name  bus  p_mw  vm_pu  sn_mva  ...  max_q_mvar  scaling  slack  in_service  type
0  None   28   0.5    1.0     NaN  ...         NaN      1.0   True        True  None

[1 rows x 11 columns], 'load':    name  bus   p_mw  q_mvar  ...  sn_mva  scaling  in_service  type
0  None   17  0.015   0.000  ...     NaN      1.0        True   wye
1  None   20  0.030   0.000  ...     NaN      1.0        True   wye
2  None   23  0.030   0.000  ...     NaN      1.0        True   wye
3  None   26  0.015   0.005  ...     NaN      1.0        True   wye

[4 rows x 10 columns], 'trafo':    name          std_type  hv_bus  ...  parallel   df  in_service
0  None  40 MVA 110/10 kV       4  ...         1  1.0        True

[1 rows x 23 columns]}
################# prev ###############
[1, 1, 1, 1, 1, 0, 0, 1, 1, 1, 1]
################# act_status ###############
[0, 0, 0, 0, 0, 0, 0, 0, 0, 0, 0]
################# actuators ###############
[1, 1, 1, 1, 1, 0, 0, 1, 1, 1, 1]
{'bus':        vm_pu  va_degree   p_mw  q_mvar
0   1.092462   2.501457  0.000   0.000
1   1.079882   2.258389  0.000   0.000
2   1.091107   2.447391  0.000   0.000
3        NaN        NaN  0.000   0.000
4        NaN        NaN  0.000   0.000
5        NaN        NaN  0.000   0.000
6   1.177271   4.491110  0.000   0.000
7   1.202554   4.771149 -0.710   0.002
8   1.168353   4.107700  0.000   0.000
9   1.021258   0.411429  0.000   0.000
10  1.028338   0.828545  0.000   0.000
11  1.093789   2.531711  0.000   0.000
12  1.093650   2.525426  0.000   0.000
13  1.091507   2.521176  0.000   0.000
14  1.091266   2.529173  0.005   0.005
15  1.091637   2.520666  0.000   0.000
16  1.077852   2.211631  0.000   0.000
17  1.073788   2.193067  0.015   0.000
18  1.079669   2.248670  0.000   0.000
19  1.075732   2.162935  0.000   0.000
20  1.050676   2.115201  0.030   0.000
21  1.079446   2.238553  0.000   0.000
22  1.075813   2.164809  0.000   0.000
23  1.071611   2.114581  0.030   0.000
24  1.079454   2.238941  0.000   0.000
25  1.077565   2.247491  0.000   0.000
26  1.076280   2.254408  0.015   0.005
27  1.079609   2.252440  0.000   0.000
28  1.000000   0.000000  0.508  -0.057
29  1.094181   2.536319 -0.010   0.000, 'line':     p_from_mw   q_from_mvar   p_to_mw  ...  vm_to_pu  va_to_degree  loading_percent
0    0.710000 -2.000000e-03 -0.695054  ...  1.177271      4.491110       401.974809
1   -0.689738  9.929713e-03  0.695054  ...  1.177271      4.491110       204.852547
2    0.689738 -9.929713e-03 -0.644422  ...  1.092462      2.501457       315.624662
3    0.523188 -5.105568e-02 -0.519203  ...  1.021258      0.411429       177.364303
4    0.557159 -3.799152e-02 -0.523188  ...  1.028338      0.828545       273.272468
5    0.009996 -8.036832e-07 -0.009995  ...  1.093650      2.525426         3.171005
6   -0.009984  3.960436e-06  0.009995  ...  1.093650      2.525426         4.885697
7   -0.005000 -5.000000e-03  0.005002  ...  1.091507      2.521176         4.411617
8    0.005002  5.000409e-03 -0.005002  ...  1.091507      2.521176         2.248228
9    0.005008  5.000943e-03 -0.005002  ...  1.091637      2.520666         3.463747
10   0.092240  5.629259e-03 -0.092130  ...  1.091107      2.447391        29.349761
11   0.092130  5.535891e-03 -0.091200  ...  1.079882      2.258389        45.220416
12   0.000000  0.000000e+00  0.000000  ...       NaN           NaN              NaN
13   0.000000  0.000000e+00  0.000000  ...       NaN           NaN              NaN
14   0.015057  4.878133e-06 -0.015000  ...  1.073788      2.193067        16.526929
15   0.015085  1.513511e-05 -0.015082  ...  1.079669      2.248670         4.846839
16  -0.015057 -4.878133e-06  0.015082  ...  1.079669      2.248670         7.467723
17   0.030715  2.558923e-05 -0.030000  ...  1.050676      2.115201        55.692926
18   0.030834  7.499575e-05 -0.030821  ...  1.079446      2.238553         9.906914
19  -0.030715 -2.558923e-05  0.030821  ...  1.079446      2.238553        15.263987
20   0.030118  2.640113e-05 -0.030000  ...  1.071611      2.114581        19.060199
21   0.030231  7.381632e-05 -0.030219  ...  1.079454      2.238941         9.713370
22   0.030219  6.406421e-05 -0.030118  ...  1.075813      2.164809        14.965786
23   0.015019  5.004154e-03 -0.015000  ...  1.076280      2.254408        10.002032
24   0.015050  5.015716e-03 -0.015047  ...  1.079609      2.252440         5.097034
25  -0.015019 -5.004154e-03  0.015047  ...  1.079609      2.252440         7.853447
26  -0.508000  5.700006e-02  0.519203  ...  1.021258      0.411429       348.035580
27  -0.009996  8.036830e-07  0.010000  ...  1.094181      2.536319         6.222350

[28 rows x 14 columns], 'switch':     bus  element et  type  closed  name  z_ohm
0     8        1  l  None    True  None    0.0
1    10        3  l  None    True  None    0.0
2    11        5  l  None    True  None    0.0
3    15        8  l  None    True  None    0.0
4     0       10  l  None    True  None    0.0
5     3       12  l  None   False  None    0.0
6     1       13  l  None   False  None    0.0
7     1       15  l  None    True  None    0.0
8     1       18  l  None    True  None    0.0
9     1       21  l  None    True  None    0.0
10    1       24  l  None    True  None    0.0, 'generator':    name  bus  p_mw  vm_pu  sn_mva  ...  max_q_mvar  scaling  slack  in_service  type
0  None   28   0.5    1.0     NaN  ...         NaN      1.0   True        True  None

[1 rows x 11 columns], 'load':    name  bus   p_mw  q_mvar  ...  sn_mva  scaling  in_service  type
0  None   17  0.015   0.000  ...     NaN      1.0        True   wye
1  None   20  0.030   0.000  ...     NaN      1.0        True   wye
2  None   23  0.030   0.000  ...     NaN      1.0        True   wye
3  None   26  0.015   0.005  ...     NaN      1.0        True   wye

[4 rows x 10 columns], 'trafo':    name          std_type  hv_bus  ...  parallel   df  in_service
0  None  40 MVA 110/10 kV       4  ...         1  1.0        True

[1 rows x 23 columns]}
################# prev ###############
[1, 1, 1, 1, 1, 0, 0, 1, 1, 1, 1]
################# act_status ###############
[0, 0, 0, 0, 0, 0, 0, 0, 0, 0, 0]
################# actuators ###############
[1, 1, 1, 1, 1, 0, 0, 1, 1, 1, 1]
{'bus':        vm_pu  va_degree   p_mw  q_mvar
0   1.092462   2.501457  0.000   0.000
1   1.079882   2.258389  0.000   0.000
2   1.091107   2.447391  0.000   0.000
3        NaN        NaN  0.000   0.000
4        NaN        NaN  0.000   0.000
5        NaN        NaN  0.000   0.000
6   1.177271   4.491110  0.000   0.000
7   1.202554   4.771149 -0.710   0.002
8   1.168353   4.107700  0.000   0.000
9   1.021258   0.411429  0.000   0.000
10  1.028338   0.828545  0.000   0.000
11  1.093789   2.531711  0.000   0.000
12  1.093650   2.525426  0.000   0.000
13  1.091507   2.521176  0.000   0.000
14  1.091266   2.529173  0.005   0.005
15  1.091637   2.520666  0.000   0.000
16  1.077852   2.211631  0.000   0.000
17  1.073788   2.193067  0.015   0.000
18  1.079669   2.248670  0.000   0.000
19  1.075732   2.162935  0.000   0.000
20  1.050676   2.115201  0.030   0.000
21  1.079446   2.238553  0.000   0.000
22  1.075813   2.164809  0.000   0.000
23  1.071611   2.114581  0.030   0.000
24  1.079454   2.238941  0.000   0.000
25  1.077565   2.247491  0.000   0.000
26  1.076280   2.254408  0.015   0.005
27  1.079609   2.252440  0.000   0.000
28  1.000000   0.000000  0.508  -0.057
29  1.094181   2.536319 -0.010   0.000, 'line':     p_from_mw   q_from_mvar   p_to_mw  ...  vm_to_pu  va_to_degree  loading_percent
0    0.710000 -2.000000e-03 -0.695054  ...  1.177271      4.491110       401.974809
1   -0.689738  9.929713e-03  0.695054  ...  1.177271      4.491110       204.852547
2    0.689738 -9.929713e-03 -0.644422  ...  1.092462      2.501457       315.624662
3    0.523188 -5.105568e-02 -0.519203  ...  1.021258      0.411429       177.364303
4    0.557159 -3.799152e-02 -0.523188  ...  1.028338      0.828545       273.272468
5    0.009996 -8.036832e-07 -0.009995  ...  1.093650      2.525426         3.171005
6   -0.009984  3.960436e-06  0.009995  ...  1.093650      2.525426         4.885697
7   -0.005000 -5.000000e-03  0.005002  ...  1.091507      2.521176         4.411617
8    0.005002  5.000409e-03 -0.005002  ...  1.091507      2.521176         2.248228
9    0.005008  5.000943e-03 -0.005002  ...  1.091637      2.520666         3.463747
10   0.092240  5.629259e-03 -0.092130  ...  1.091107      2.447391        29.349761
11   0.092130  5.535891e-03 -0.091200  ...  1.079882      2.258389        45.220416
12   0.000000  0.000000e+00  0.000000  ...       NaN           NaN              NaN
13   0.000000  0.000000e+00  0.000000  ...       NaN           NaN              NaN
14   0.015057  4.878133e-06 -0.015000  ...  1.073788      2.193067        16.526929
15   0.015085  1.513511e-05 -0.015082  ...  1.079669      2.248670         4.846839
16  -0.015057 -4.878133e-06  0.015082  ...  1.079669      2.248670         7.467723
17   0.030715  2.558923e-05 -0.030000  ...  1.050676      2.115201        55.692926
18   0.030834  7.499575e-05 -0.030821  ...  1.079446      2.238553         9.906914
19  -0.030715 -2.558923e-05  0.030821  ...  1.079446      2.238553        15.263987
20   0.030118  2.640113e-05 -0.030000  ...  1.071611      2.114581        19.060199
21   0.030231  7.381632e-05 -0.030219  ...  1.079454      2.238941         9.713370
22   0.030219  6.406421e-05 -0.030118  ...  1.075813      2.164809        14.965786
23   0.015019  5.004154e-03 -0.015000  ...  1.076280      2.254408        10.002032
24   0.015050  5.015716e-03 -0.015047  ...  1.079609      2.252440         5.097034
25  -0.015019 -5.004154e-03  0.015047  ...  1.079609      2.252440         7.853447
26  -0.508000  5.700006e-02  0.519203  ...  1.021258      0.411429       348.035580
27  -0.009996  8.036830e-07  0.010000  ...  1.094181      2.536319         6.222350

[28 rows x 14 columns], 'switch':     bus  element et  type  closed  name  z_ohm
0     8        1  l  None    True  None    0.0
1    10        3  l  None    True  None    0.0
2    11        5  l  None    True  None    0.0
3    15        8  l  None    True  None    0.0
4     0       10  l  None    True  None    0.0
5     3       12  l  None   False  None    0.0
6     1       13  l  None   False  None    0.0
7     1       15  l  None    True  None    0.0
8     1       18  l  None    True  None    0.0
9     1       21  l  None    True  None    0.0
10    1       24  l  None    True  None    0.0, 'generator':    name  bus  p_mw  vm_pu  sn_mva  ...  max_q_mvar  scaling  slack  in_service  type
0  None   28   0.5    1.0     NaN  ...         NaN      1.0   True        True  None

[1 rows x 11 columns], 'load':    name  bus   p_mw  q_mvar  ...  sn_mva  scaling  in_service  type
0  None   17  0.015   0.000  ...     NaN      1.0        True   wye
1  None   20  0.030   0.000  ...     NaN      1.0        True   wye
2  None   23  0.030   0.000  ...     NaN      1.0        True   wye
3  None   26  0.015   0.005  ...     NaN      1.0        True   wye

[4 rows x 10 columns], 'trafo':    name          std_type  hv_bus  ...  parallel   df  in_service
0  None  40 MVA 110/10 kV       4  ...         1  1.0        True

[1 rows x 23 columns]}
################# prev ###############
[1, 1, 1, 1, 1, 0, 0, 1, 1, 1, 1]
################# act_status ###############
[0, 0, 0, 0, 0, 0, 0, 0, 0, 0, 0]
################# actuators ###############
[1, 1, 1, 1, 1, 0, 0, 1, 1, 1, 1]
{'bus':        vm_pu  va_degree   p_mw  q_mvar
0   1.092462   2.501457  0.000   0.000
1   1.079882   2.258389  0.000   0.000
2   1.091107   2.447391  0.000   0.000
3        NaN        NaN  0.000   0.000
4        NaN        NaN  0.000   0.000
5        NaN        NaN  0.000   0.000
6   1.177271   4.491110  0.000   0.000
7   1.202554   4.771149 -0.710   0.002
8   1.168353   4.107700  0.000   0.000
9   1.021258   0.411429  0.000   0.000
10  1.028338   0.828545  0.000   0.000
11  1.093789   2.531711  0.000   0.000
12  1.093650   2.525426  0.000   0.000
13  1.091507   2.521176  0.000   0.000
14  1.091266   2.529173  0.005   0.005
15  1.091637   2.520666  0.000   0.000
16  1.077852   2.211631  0.000   0.000
17  1.073788   2.193067  0.015   0.000
18  1.079669   2.248670  0.000   0.000
19  1.075732   2.162935  0.000   0.000
20  1.050676   2.115201  0.030   0.000
21  1.079446   2.238553  0.000   0.000
22  1.075813   2.164809  0.000   0.000
23  1.071611   2.114581  0.030   0.000
24  1.079454   2.238941  0.000   0.000
25  1.077565   2.247491  0.000   0.000
26  1.076280   2.254408  0.015   0.005
27  1.079609   2.252440  0.000   0.000
28  1.000000   0.000000  0.508  -0.057
29  1.094181   2.536319 -0.010   0.000, 'line':     p_from_mw   q_from_mvar   p_to_mw  ...  vm_to_pu  va_to_degree  loading_percent
0    0.710000 -2.000000e-03 -0.695054  ...  1.177271      4.491110       401.974809
1   -0.689738  9.929713e-03  0.695054  ...  1.177271      4.491110       204.852547
2    0.689738 -9.929713e-03 -0.644422  ...  1.092462      2.501457       315.624662
3    0.523188 -5.105568e-02 -0.519203  ...  1.021258      0.411429       177.364303
4    0.557159 -3.799152e-02 -0.523188  ...  1.028338      0.828545       273.272468
5    0.009996 -8.036832e-07 -0.009995  ...  1.093650      2.525426         3.171005
6   -0.009984  3.960436e-06  0.009995  ...  1.093650      2.525426         4.885697
7   -0.005000 -5.000000e-03  0.005002  ...  1.091507      2.521176         4.411617
8    0.005002  5.000409e-03 -0.005002  ...  1.091507      2.521176         2.248228
9    0.005008  5.000943e-03 -0.005002  ...  1.091637      2.520666         3.463747
10   0.092240  5.629259e-03 -0.092130  ...  1.091107      2.447391        29.349761
11   0.092130  5.535891e-03 -0.091200  ...  1.079882      2.258389        45.220416
12   0.000000  0.000000e+00  0.000000  ...       NaN           NaN              NaN
13   0.000000  0.000000e+00  0.000000  ...       NaN           NaN              NaN
14   0.015057  4.878133e-06 -0.015000  ...  1.073788      2.193067        16.526929
15   0.015085  1.513511e-05 -0.015082  ...  1.079669      2.248670         4.846839
16  -0.015057 -4.878133e-06  0.015082  ...  1.079669      2.248670         7.467723
17   0.030715  2.558923e-05 -0.030000  ...  1.050676      2.115201        55.692926
18   0.030834  7.499575e-05 -0.030821  ...  1.079446      2.238553         9.906914
19  -0.030715 -2.558923e-05  0.030821  ...  1.079446      2.238553        15.263987
20   0.030118  2.640113e-05 -0.030000  ...  1.071611      2.114581        19.060199
21   0.030231  7.381632e-05 -0.030219  ...  1.079454      2.238941         9.713370
22   0.030219  6.406421e-05 -0.030118  ...  1.075813      2.164809        14.965786
23   0.015019  5.004154e-03 -0.015000  ...  1.076280      2.254408        10.002032
24   0.015050  5.015716e-03 -0.015047  ...  1.079609      2.252440         5.097034
25  -0.015019 -5.004154e-03  0.015047  ...  1.079609      2.252440         7.853447
26  -0.508000  5.700006e-02  0.519203  ...  1.021258      0.411429       348.035580
27  -0.009996  8.036830e-07  0.010000  ...  1.094181      2.536319         6.222350

[28 rows x 14 columns], 'switch':     bus  element et  type  closed  name  z_ohm
0     8        1  l  None    True  None    0.0
1    10        3  l  None    True  None    0.0
2    11        5  l  None    True  None    0.0
3    15        8  l  None    True  None    0.0
4     0       10  l  None    True  None    0.0
5     3       12  l  None   False  None    0.0
6     1       13  l  None   False  None    0.0
7     1       15  l  None    True  None    0.0
8     1       18  l  None    True  None    0.0
9     1       21  l  None    True  None    0.0
10    1       24  l  None    True  None    0.0, 'generator':    name  bus  p_mw  vm_pu  sn_mva  ...  max_q_mvar  scaling  slack  in_service  type
0  None   28   0.5    1.0     NaN  ...         NaN      1.0   True        True  None

[1 rows x 11 columns], 'load':    name  bus   p_mw  q_mvar  ...  sn_mva  scaling  in_service  type
0  None   17  0.015   0.000  ...     NaN      1.0        True   wye
1  None   20  0.030   0.000  ...     NaN      1.0        True   wye
2  None   23  0.030   0.000  ...     NaN      1.0        True   wye
3  None   26  0.015   0.005  ...     NaN      1.0        True   wye

[4 rows x 10 columns], 'trafo':    name          std_type  hv_bus  ...  parallel   df  in_service
0  None  40 MVA 110/10 kV       4  ...         1  1.0        True

[1 rows x 23 columns]}
